name: GaiusAugustus
channels:
  - bioconda
  - anaconda
  - defaults
dependencies:
  - _libgcc_mutex=0.1=main
  - _openmp_mutex=5.1=1_gnu
  - biopython=1.78=py312h5eee18b_0
  - blas=1.0=mkl
  - bzip2=1.0.8=h7b6447c_0
  - ca-certificates=2023.08.22=h06a4308_0
  - cdbtools=0.99=h9a82719_6
  - expat=2.5.0=h6a678d5_0
  - gdbm=1.18=hd4cb3f1_4
  - intel-openmp=2023.1.0=hdb19cb5_46306
  - ld_impl_linux-64=2.38=h1181459_1
  - libffi=3.4.4=h6a678d5_0
  - libgcc-ng=11.2.0=h1234567_1
  - libgomp=11.2.0=h1234567_1
  - libstdcxx-ng=11.2.0=h1234567_1
  - libuuid=1.41.5=h5eee18b_0
  - mkl=2023.1.0=h213fc3f_46344
  - mkl-service=2.4.0=py312h5eee18b_1
  - ncurses=6.4=h6a678d5_0
  - numpy=1.26.0=py312hc5e2394_0
  - numpy-base=1.26.0=py312h0da6c21_0
  - openssl=3.0.12=h7f8727e_0
  - perl=5.26.2=h14c3975_0
  - perl-apache-test=1.40=pl526_1
  - perl-app-cpanminus=1.7044=pl526_1
  - perl-base=2.23=pl526_1
  - perl-carp=1.38=pl526_3
  - perl-class-data-inheritable=0.08=pl526_1
  - perl-class-load=0.25=pl526_0
  - perl-class-load-xs=0.10=pl526h6bb024c_2
  - perl-class-method-modifiers=2.12=pl526_0
  - perl-clone-choose=0.010=pl526_0
  - perl-constant=1.33=pl526_1
  - perl-data-optlist=0.110=pl526_2
  - perl-devel-globaldestruction=0.14=pl526_0
  - perl-devel-overloadinfo=0.005=pl526_0
  - perl-devel-stacktrace=2.04=pl526_0
  - perl-dist-checkconflicts=0.11=pl526_2
  - perl-eval-closure=0.14=pl526h6bb024c_4
  - perl-exception-class=1.44=pl526_0
  - perl-exporter=5.72=pl526_1
  - perl-extutils-makemaker=7.36=pl526_1
  - perl-file-path=2.16=pl526_0
  - perl-file-temp=0.2304=pl526_2
  - perl-file-which=1.23=pl526_0
  - perl-getopt-long=2.50=pl526_1
  - perl-hash-merge=0.300=pl526_0
  - perl-list-util=1.38=pl526_1
  - perl-math-utils=1.13=pl526_0
  - perl-mce=1.837=pl526_0
  - perl-module-implementation=0.09=pl526_2
  - perl-module-runtime=0.016=pl526_1
  - perl-module-runtime-conflicts=0.003=pl526_0
  - perl-moo=2.003004=pl526_0
  - perl-moose=2.2011=pl526hf484d3e_1
  - perl-mro-compat=0.13=pl526_0
  - perl-package-deprecationmanager=0.17=pl526_0
  - perl-package-stash=0.38=pl526hf484d3e_1
  - perl-package-stash-xs=0.28=pl526hf484d3e_1
  - perl-parallel-forkmanager=2.02=pl526_0
  - perl-params-util=1.07=pl526h6bb024c_4
  - perl-parent=0.236=pl526_1
  - perl-pathtools=3.75=pl526h14c3975_1
  - perl-role-tiny=2.000008=pl526_0
  - perl-scalar-list-utils=1.52=pl526h516909a_0
  - perl-scalar-util-numeric=0.40=pl526_1
  - perl-socket=2.027=pl526_1
  - perl-storable=3.15=pl526h14c3975_0
  - perl-sub-exporter=0.987=pl526_2
  - perl-sub-exporter-progressive=0.001013=pl526_0
  - perl-sub-identify=0.14=pl526h14c3975_0
  - perl-sub-install=0.928=pl526_2
  - perl-sub-name=0.21=pl526_1
  - perl-sub-quote=2.006003=pl526_1
  - perl-test-pod=1.52=pl526_0
  - perl-time-hires=1.9760=pl526h14c3975_1
  - perl-try-tiny=0.30=pl526_1
  - perl-xsloader=0.24=pl526_0
  - perl-yaml=1.29=pl526_0
  - pip=23.3=py312h06a4308_0
  - python=3.12.0=h996f2a0_0
  - readline=8.2=h5eee18b_0
  - setuptools=68.0.0=py312h06a4308_0
  - sqlite=3.41.2=h5eee18b_0
  - tbb=2021.8.0=hdb19cb5_0
  - tk=8.6.12=h1ccaba5_0
  - tzdata=2023c=h04d1e81_0
  - wheel=0.41.2=py312h06a4308_0
  - xz=5.4.2=h5eee18b_0
  - zlib=1.2.13=h5eee18b_0
  - pip:
      - pygustus==0.8.3
prefix: /home/STUDENTI/michele.albertini/miniconda3/envs/GaiusAugustus
